13
A_fulgen   0.0000000 0.9075538 0.9038302 0.8726873 0.9102797 0.9231852 0.9779507 0.9777652 0.9833301 0.9087308 0.9349788 0.9629457 0.9905520 
C_aureus   0.9075538 0.0000000 0.0451282 0.1518682 0.1364426 0.1649516 0.3359548 0.3277840 0.3356510 0.2997452 0.3100396 0.3425747 0.3398454 
C_lupusl   0.9038302 0.0451282 0.0000000 0.1511826 0.1322254 0.1600012 0.3304898 0.3276602 0.3397024 0.3027185 0.3092735 0.3428383 0.3296245 
L_pictus   0.8726873 0.1518682 0.1511826 0.0000000 0.1672857 0.1867929 0.3514142 0.3509629 0.3535181 0.3368538 0.3326393 0.3447780 0.3659680 
Cu_alpin   0.9102797 0.1364426 0.1322254 0.1672857 0.0000000 0.1937253 0.3561674 0.3538479 0.3596294 0.3287853 0.3275893 0.3689322 0.3529033 
Ch_brach   0.9231852 0.1649516 0.1600012 0.1867929 0.1937253 0.0000000 0.3650953 0.3557992 0.3624563 0.3249786 0.3237449 0.3568952 0.3437093 
V_ferril   0.9779507 0.3359548 0.3304898 0.3514142 0.3561674 0.3650953 0.0000000 0.0971814 0.1376218 0.1280464 0.3285461 0.3229183 0.3499955 
V_vulpes   0.9777652 0.3277840 0.3276602 0.3509629 0.3538479 0.3557992 0.0971814 0.0000000 0.1302200 0.1188375 0.3223260 0.3228670 0.3423672 
V_lagopu   0.9833301 0.3356510 0.3397024 0.3535181 0.3596294 0.3624563 0.1376218 0.1302200 0.0000000 0.0169297 0.3210195 0.3323641 0.3546106 
V_macrot   0.9087308 0.2997452 0.3027185 0.3368538 0.3287853 0.3249786 0.1280464 0.1188375 0.0169297 0.0000000 0.2925065 0.2979072 0.3364853 
O_megalo   0.9349788 0.3100396 0.3092735 0.3326393 0.3275893 0.3237449 0.3285461 0.3223260 0.3210195 0.2925065 0.0000000 0.3297712 0.3293210 
N_procyo   0.9629457 0.3425747 0.3428383 0.3447780 0.3689322 0.3568952 0.3229183 0.3228670 0.3323641 0.2979072 0.3297712 0.0000000 0.3498394 
U_cinere   0.9905520 0.3398454 0.3296245 0.3659680 0.3529033 0.3437093 0.3499955 0.3423672 0.3546106 0.3364853 0.3293210 0.3498394 0.0000000 
