13
A_fulgen   0.0000000 0.9203748 0.9132888 0.9315391 0.7962399 0.8729507 0.8394753 0.9726543 0.9395342 0.9393446 0.7727064 0.7720959 0.9014529 
C_aureus   0.9203748 0.0000000 0.0861187 0.1704063 0.2154180 0.1930329 0.3379495 0.3793812 0.3685686 0.3481902 0.2929735 0.2888797 0.3253754 
C_lupusl   0.9132888 0.0861187 0.0000000 0.1643932 0.2011100 0.2055766 0.3430152 0.4078312 0.3988391 0.3811072 0.3542555 0.3751890 0.3159868 
Cu_alpin   0.9315391 0.1704063 0.1643932 0.0000000 0.2345748 0.1765606 0.3072921 0.4426655 0.3674438 0.3948061 0.3347442 0.3497873 0.3730850 
Ch_brach   0.7962399 0.2154180 0.2011100 0.2345748 0.0000000 0.2042501 0.3338331 0.3606151 0.4208541 0.4402788 0.4004401 0.3972081 0.3613593 
L_pictus   0.8729507 0.1930329 0.2055766 0.1765606 0.2042501 0.0000000 0.3399779 0.3812927 0.4004571 0.4124871 0.3885267 0.3799642 0.3826252 
O_megalo   0.8394753 0.3379495 0.3430152 0.3072921 0.3338331 0.3399779 0.0000000 0.4183633 0.3832386 0.3754262 0.3631760 0.3854051 0.3519096 
N_procyo   0.9726543 0.3793812 0.4078312 0.4426655 0.3606151 0.3812927 0.4183633 0.0000000 0.3738538 0.3646741 0.3395415 0.3424215 0.3324609 
V_ferril   0.9395342 0.3685686 0.3988391 0.3674438 0.4208541 0.4004571 0.3832386 0.3738538 0.0000000 0.1336178 0.1650696 0.1770015 0.4107232 
V_vulpes   0.9393446 0.3481902 0.3811072 0.3948061 0.4402788 0.4124871 0.3754262 0.3646741 0.1336178 0.0000000 0.1752102 0.1649336 0.3693501 
V_lagopu   0.7727064 0.2929735 0.3542555 0.3347442 0.4004401 0.3885267 0.3631760 0.3395415 0.1650696 0.1752102 0.0000000 0.0204251 0.3630286 
V_macrot   0.7720959 0.2888797 0.3751890 0.3497873 0.3972081 0.3799642 0.3854051 0.3424215 0.1770015 0.1649336 0.0204251 0.0000000 0.3573233 
U_cinere   0.9014529 0.3253754 0.3159868 0.3730850 0.3613593 0.3826252 0.3519096 0.3324609 0.4107232 0.3693501 0.3630286 0.3573233 0.0000000 
